4,3
4,2
4,1
4,0
3,6
3,5
3,4
3,3
3,2
3,1
3,0
2,3
2,2
2,1
2,0
1,3
1,2
1,1
1,0
0,243
0,9
0,310
0,305
0,308
0,304
0,303
0,302
0,307
0,12
0,418
0,10
0,8
0,0
0,389
0,300
0,309
0,299
0,560
0,298
0,400
0,297
0,428
0,296
0,337
0,295
0,392
0,294
0,443
0,293
0,426
0,292
0,425
0,291
0,421
0,290
0,430
0,289
0,424
0,288
0,559
0,287
0,319
0,286
0,427
0,285
0,441
0,284
0,550
0,283
0,572
0,282
0,281
0,412
0,280
0,440
0,279
0,442
0,278
0,324
0,277
0,429
0,276
0,556
0,275
0,564
0,274
0,391
0,273
0,336
0,272
0,435
0,271
0,388
0,270
0,568
0,269
0,403
0,268
0,563
0,267
0,327
0,266
0,571
0,265
0,439
0,264
0,423
0,263
0,318
0,262
0,406
0,261
0,399
0,260
0,259
0,340
0,258
0,562
0,257
0,420
0,256
0,567
0,255
0,546
0,254
0,540
0,253
0,384
0,252
0,402
0,251
0,301
0,250
0,554
0,249
0,417
0,248
0,323
0,247
0,317
0,246
0,416
0,245
0,545
0,244
0,312
0,242
0,434
0,241
0,438
0,240
0,566
0,239
0,387
0,238
0,433
0,237
0,321
0,236
0,411
0,235
0,335
0,234
0,306
0,233
0,329
0,232
0,398
0,231
0,386
0,230
0,447
0,229
0,415
0,228
0,446
0,227
0,339
0,226
0,316
0,225
0,396
0,224
0,334
0,223
0,326
0,222
0,221
0,341
0,220
0,410
0,219
0,405
0,218
0,431
0,217
0,565
0,216
0,395
0,215
0,390
0,214
0,445
0,213
0,394
0,212
0,393
0,211
0,397
0,210
0,333
0,209
0,422
0,208
0,311
0,207
0,575
0,206
0,413
0,205
0,570
0,204
0,569
0,203
0,574
0,202
0,201
0,385
0,200
0,573
0,199
0,404
0,198
0,432
0,197
0,401
0,196
0,414
0,195
0,558
0,194
0,332
0,193
0,533
0,192
0,538
0,63
0,528
0,62
0,409
